import random
from typing import List, Dict, Tuple
import numpy as np

def generate_minimal_benchmark():
    setup = {'Mat1': {'Mat1': 0,
                      'Mat2': 5,  # costs for setting up a machine to Mat1 from Mat2
                      'Mat3': 3},
             'Mat2': {'Mat1': 2,
                      'Mat2': 0,
                      'Mat3': 2},
             'Mat3': {'Mat1': 3,
                      'Mat2': 2,
                      'Mat3': 0}}

    jobs = [{'name': 'J1', 'due_date': 12, 'material': 'Mat1', 'valid_machines': {'M1': 8, 'M2': 8}},  # last entry is production time per machine
            {'name': 'J2', 'due_date': 10, 'material': 'Mat2', 'valid_machines': {'M1': 5, 'M2': 5}},
            {'name': 'J3', 'due_date': 11, 'material': 'Mat3', 'valid_machines': {'M1': 6, 'M2': 6}},
            {'name': 'J4', 'due_date': 8, 'material': 'Mat3', 'valid_machines': {'M1': 7, 'M2': 7}}]

    machines = [{'name': 'M1', 'init_date': 2, 'init_material': 'Mat1'},  # init date means inclusive
                {'name': 'M2', 'init_date': 1, 'init_material': 'Mat2'}]

    return setup, jobs, machines


def generate_linear_benchmark():
    machines = [{'name': 'M1', 'init_date': 1, 'init_material': 'Mat0'}]
    jobs = [{'name': 'O{}'.format(i+1), 'due_date': 1, 'material': 'Mat0', 'valid_machines': {'M1': i+1}}
            for i in range(10)]
    random.shuffle(jobs)
    setup = {'Mat0': {'Mat0': 0}}
    return setup, jobs, machines

def generate_TSP_benchmark():
    machines = [{'name': 'M1', 'init_date': 1, 'init_material': 'Mat0'}]
    jobs = [{'name': 'O{}'.format(i+1), 'due_date': 1, 'material': 'Mat{}'.format(i+1), 'valid_machines': {'M1': 0}}
            for i in range(30)]

    oliver30 = get_oliver30_matrix()

    oliver30_int = []
    for rowi in oliver30:
        temp = [int(element * 1000) for element in rowi]  # multiply by 1000 to create integer values
        oliver30_int.append(temp)
    oliver30 = oliver30_int
    print(oliver30)

    setup = {}
    for i in range(len(oliver30)):
        row = {'Mat0': 0}
        for j in range(len(oliver30)):
            row['Mat{}'.format(j+1)] = int(oliver30[i][j])  #Todo: int() um oliver30[][]
        setup['Mat{}'.format(i+1)] = row

    return setup, jobs, machines

# new TSP dataset. Test validity of solution
def generate_eil51_TSP(num_cities=51):
    machines = [{'name': 'M1', 'init_date': 1, 'init_material': 'Mat0'}]
    jobs = [{'name': 'O{}'.format(i+1), 'due_date': 1, 'material': 'Mat{}'.format(i+1), 'valid_machines': {'M1': 0}}
            for i in range(num_cities)]

    eil51 = get_eil51_matrix()

    setup = {}
    for i in range(len(eil51)):
        row = {'Mat0': 0}
        for j in range(len(eil51)):
            row['Mat{}'.format(j+1)] = eil51[i][j]  #Todo: int()
        setup['Mat{}'.format(i+1)] = row

    return setup, jobs, machines


def generate_realistic_data(num_materials, num_machines, num_jobs, urgency=0.3, spread=0.5) -> Tuple[Dict, List, List]:
    """
    generate data based on the papers by (Bagheri and Zandieh, 2011), (Vilcot and Billaut, 2008),
    (Demirkol et. al., 1998) with addition of valid machine requirement.
    :param num_materials: number of materials should be greater than number of machines
    :param num_machines: one of (15, 20)
    :param num_jobs: one of (20, 30, 40, 50)
    :param urgency: how close the due dates lie to t_0. The smaller, the more urgent the jobs
    :param spread: controls the variance in due dates. The higher, the wider are due dates distributed
    :return: (setup, jobs, machines)
    """
    materials = ['Mat{}'.format(i) for i in range(num_materials)]

    setup = {}
    for mat_to in materials:
        s = {}
        for mat_from in materials:
            if mat_from == mat_to:
                s[mat_from] = 0
            else:
                s[mat_from] = random.randint(20, 60)
        setup[mat_to] = s

    machines = [{'name': 'M{}'.format(i),
                 'init_date': random.randint(10, 40),
                 'init_material': random.choice(materials)}
                for i in range(num_machines)]

    jobs = []
    for i in range(num_jobs):
        name = 'O{}'.format(i)
        material = random.choice(materials)
        valid_machines = {}
        max_prod = 0
        for _ in range(random.randint(1, num_machines)):
            prod = random.randint(40, 120)
            if prod > max_prod:
                max_prod = prod
            valid_machines[random.choice(machines)['name']] = prod
        mu = (1 + (urgency * num_jobs) / num_machines) * (max_prod + max(setup[material].values()))
        due = random.randint(int(mu * (1 - spread / 2)), int(mu * (1 + spread / 2)))
        jobs.append({
            'name': name,
            'due_date': due,
            'material': material,
            'valid_machines': valid_machines
        })

    return setup, jobs, machines

def get_oliver30_matrix():
    return [
        [0.000, 5.000, 24.042, 29.967, 61.057, 47.096, 29.428, 32.757, 38.275, 52.811, 49.092, 45.000, 39.051, 41.012,
         33.526, 43.012, 46.872, 32.249, 35.903, 66.212, 47.011, 35.805, 28.601, 12.207, 16.643, 29.069, 34.205, 22.825,
         17.464, 4.472],
        [5.000, 0.000, 27.803, 34.540, 63.820, 47.043, 29.000, 32.062, 36.878, 51.420, 46.530, 42.190, 36.056, 37.643,
         28.792, 38.275, 41.976, 27.295, 31.048, 61.717, 44.102, 33.121, 24.759, 10.198, 14.560, 29.833, 35.847,
         25.612, 19.235, 8.062],
        [24.042, 27.803, 0.000, 10.770, 38.079, 36.056, 25.060, 28.302, 35.511, 47.381, 50.120, 47.927, 43.966, 47.539,
         49.497, 58.138, 63.506, 53.310, 57.697, 89.185, 70.937, 59.666, 52.498, 36.125, 40.460, 48.384, 50.636,
         37.483, 36.401, 25.807],
        [29.967, 34.540, 10.770, 0.000, 39.319, 45.343, 35.777, 38.949, 46.141, 57.489, 60.828, 58.694, 54.708, 58.241,
         59.076, 68.000, 73.110, 61.400, 65.460, 96.177, 75.073, 63.781, 58.310, 41.049, 45.000, 48.877, 49.396,
         36.674, 37.802, 30.232],
        [61.057, 63.820, 38.079, 39.319, 0.000, 35.355, 43.566, 43.829, 47.760, 49.041, 60.017, 61.131, 61.098,
         65.192, 76.551, 82.765, 89.067, 85.041, 89.939, 121.918, 107.898, 96.799, 88.238, 73.246, 77.698, 86.377,
         88.057, 75.000, 74.465, 63.530],
        [47.096, 47.043, 36.056, 45.343, 35.355, 0.000, 18.111, 15.524, 14.866, 14.318, 24.739, 26.401, 27.803, 31.623,
         47.011, 50.990, 57.385, 58.669, 63.632, 94.202, 87.932, 78.102, 67.052, 57.140, 61.294, 76.164, 80.895, 68.447,
         64.382, 51.245],
        [29.428, 29.000, 25.060, 35.777, 43.566, 18.111, 0.000, 3.606, 10.630, 24.187, 25.060, 23.087, 20.025, 24.000,
         33.015, 39.395, 45.618, 42.638, 47.634, 79.209, 70.228, 60.166, 49.396, 39.051, 43.186, 58.421, 63.561, 51.546,
         46.872, 33.734],
        [32.757, 32.062, 28.302, 38.949, 43.829, 15.524, 3.606, 0.000, 7.211, 20.591, 21.932, 20.396, 18.111, 22.204,
         33.302, 38.949, 45.277, 43.829, 48.826, 80.056, 72.422, 62.586, 51.546, 42.000, 46.043, 61.660, 66.940, 55.027,
         50.220, 37.108],
        [38.275, 36.878, 35.511, 46.141, 47.760, 14.866, 10.630, 7.211, 0.000, 14.560, 14.866, 14.000, 13.416, 17.464,
         32.202, 36.235, 42.638, 44.283, 49.193, 79.404, 74.733, 65.490, 53.935, 46.390, 50.160, 66.708, 72.422, 60.926,
         55.660, 42.720],
        [52.811, 51.420, 47.381, 57.489, 49.041, 14.318, 24.187, 20.591, 14.560, 0.000, 13.454, 17.205, 21.541, 24.187,
         42.720, 44.102, 50.220, 56.045, 60.729, 89.067, 87.824, 79.101, 67.268, 60.828, 64.498, 81.253, 86.977, 75.392,
         70.214, 57.245],
        [49.092, 46.530, 50.120, 60.828, 60.017, 24.739, 25.060, 21.932, 14.866, 13.454, 0.000, 5.000, 11.180, 12.166,
         31.401, 31.305, 37.216, 45.277, 49.649, 76.485, 78.026, 70.257, 58.138, 54.781, 57.871, 75.769, 82.292, 71.868,
         65.765, 53.535],
        [45.000, 42.190, 47.927, 58.694, 61.131, 26.401, 23.087, 20.396, 14.000, 17.205, 5.000, 0.000, 6.325, 7.280,
         26.476, 26.926, 33.015, 40.311, 44.721, 72.007, 73.027, 65.276, 53.151, 50.160, 53.141, 71.176, 77.827, 67.676,
         61.400, 49.406],
        [39.051, 36.056, 43.966, 54.708, 61.098, 27.803, 20.025, 18.111, 13.416, 21.541, 11.180, 6.325, 0.000, 4.123,
         21.190, 23.345, 29.698, 34.713, 39.294, 67.742, 67.119, 59.135, 47.043, 43.863, 46.819, 64.885, 71.589, 61.612,
         55.227, 43.417],
        [41.012, 37.643, 47.539, 58.241, 65.192, 31.623, 24.000, 22.204, 17.464, 24.187, 12.166, 7.280, 4.123, 0.000,
         19.235, 20.000, 26.249, 33.136, 37.483, 64.885, 66.000, 58.549, 46.390, 44.777, 47.424, 65.765, 72.719, 63.253,
         56.613, 45.277],
        [33.526, 28.792, 49.497, 59.076, 76.551, 47.011, 33.015, 33.302, 32.202, 42.720, 31.401, 26.476, 21.190, 19.235,
         0.000, 9.487, 14.036, 14.000, 18.248, 47.202, 47.096, 40.522, 28.460, 32.016, 33.242, 51.740, 59.414, 52.431,
         45.000, 36.770],
        [43.012, 38.275, 58.138, 68.000, 82.765, 50.990, 39.395, 38.949, 36.235, 44.102, 31.305, 26.926, 23.345, 20.000,
         9.487, 0.000, 6.403, 19.235, 21.840, 45.188, 51.420, 46.519, 34.986, 41.049, 41.869, 60.108, 67.941, 61.587,
         54.083, 46.239],
        [46.872, 41.976, 63.506, 73.110, 89.067, 57.385, 45.618, 45.277, 42.638, 50.220, 37.216, 33.015, 29.698, 26.249,
         14.036, 6.403, 0.000, 19.105, 20.248, 39.560, 49.041, 45.486, 34.713, 43.382, 43.566, 61.221, 69.203, 63.953,
         56.356, 49.729],
        [32.249, 27.295, 53.310, 61.400, 85.041, 58.669, 42.638, 43.829, 44.283, 56.045, 45.277, 40.311, 34.713, 33.136,
         14.000, 19.235, 19.105, 0.000, 5.000, 36.878, 33.136, 27.313, 15.811, 25.710, 25.080, 42.202, 50.220, 45.880,
         38.275, 34.000],
        [35.903, 31.048, 57.697, 65.460, 89.939, 63.632, 47.634, 48.826, 49.193, 60.729, 49.649, 44.721, 39.294, 37.483,
         18.248, 21.840, 20.248, 5.000, 0.000, 32.016, 29.614, 25.239, 15.000, 28.071, 26.683, 42.544, 50.606, 47.539,
         40.025, 37.216],
        [66.212, 61.717, 89.185, 96.177, 121.918, 94.202, 79.209, 80.056, 79.404, 89.067, 76.485, 72.007, 67.742,
         64.885, 47.202, 45.188, 39.560, 36.878, 32.016, 0.000, 32.280, 39.013, 38.601, 55.973, 52.887, 62.008, 69.181,
         71.449, 64.938, 66.483],
        [47.011, 44.102, 70.937, 75.073, 107.898, 87.932, 70.228, 72.422, 74.733, 87.824, 78.026, 73.027, 67.119,
         66.000, 47.096, 51.420, 49.041, 33.136, 29.614, 32.280, 0.000, 11.314, 20.881, 34.828, 30.480, 32.016, 38.210,
         43.463, 38.588, 45.277],
        [35.805, 33.121, 59.666, 63.781, 96.799, 78.102, 60.166, 62.586, 65.490, 79.101, 70.257, 65.276, 59.135, 58.549,
         40.522, 46.519, 45.486, 27.313, 25.239, 39.013, 11.314, 0.000, 12.166, 23.601, 19.209, 23.000, 30.265, 33.242,
         27.731, 33.971],
        [28.601, 24.759, 52.498, 58.310, 88.238, 67.052, 49.396, 51.546, 53.935, 67.268, 58.138, 53.151, 47.043, 46.390,
         28.460, 34.986, 34.713, 15.811, 15.000, 38.601, 20.881, 12.166, 0.000, 17.464, 14.318, 27.731, 35.777, 34.132,
         27.000, 28.178],
        [12.207, 10.198, 36.125, 41.049, 73.246, 57.140, 39.051, 42.000, 46.390, 60.828, 54.781, 50.160, 43.863, 44.777,
         32.016, 41.049, 43.382, 25.710, 28.071, 55.973, 34.828, 23.601, 17.464, 0.000, 4.472, 21.024, 28.018, 20.591,
         13.038, 10.817],
        [16.643, 14.560, 40.460, 45.000, 77.698, 61.294, 43.186, 46.043, 50.160, 64.498, 57.871, 53.141, 46.819, 47.424,
         33.242, 41.869, 43.566, 25.080, 26.683, 52.887, 30.480, 19.209, 14.318, 4.472, 0.000, 18.601, 26.173, 20.881,
         13.342, 14.866],
        [29.069, 29.833, 48.384, 48.877, 86.377, 76.164, 58.421, 61.660, 66.708, 81.253, 75.769, 71.176, 64.885, 65.765,
         51.740, 60.108, 61.221, 42.202, 42.544, 62.008, 32.016, 23.000, 27.731, 21.024, 18.601, 0.000, 8.062, 12.728,
         12.166, 25.000],
        [34.205, 35.847, 50.636, 49.396, 88.057, 80.895, 63.561, 66.940, 72.422, 86.977, 82.292, 77.827, 71.589, 72.719,
         59.414, 67.941, 69.203, 50.220, 50.606, 69.181, 38.210, 30.265, 35.777, 28.018, 26.173, 8.062, 0.000, 13.153,
         16.763, 29.833],
        [22.825, 25.612, 37.483, 36.674, 75.000, 68.447, 51.546, 55.027, 60.926, 75.392, 71.868, 67.676, 61.612, 63.253,
         52.431, 61.587, 63.953, 45.880, 47.539, 71.449, 43.463, 33.242, 34.132, 20.591, 20.881, 12.728, 13.153, 0.000,
         7.616, 18.358],
        [17.464, 19.235, 36.401, 37.802, 74.465, 64.382, 46.872, 50.220, 55.660, 70.214, 65.765, 61.400, 55.227, 56.613,
         45.000, 54.083, 56.356, 38.275, 40.025, 64.938, 38.588, 27.731, 27.000, 13.038, 13.342, 12.166, 16.763, 7.616,
         0.000, 13.153],
        [4.472, 8.062, 25.807, 30.232, 63.530, 51.245, 33.734, 37.108, 42.720, 57.245, 53.535, 49.406, 43.417, 45.277,
         36.770, 46.239, 49.729, 34.000, 37.216, 66.483, 45.277, 33.971, 28.178, 10.817, 14.866, 25.000, 29.833, 18.358,
         13.153, 0.000]]



def get_oliver30_coordinates():
    #returns a list of tuples (coordinates of cities). List index is their id.
    return [(54, 67),
            (54, 62),
            (37, 84),
            (41, 94),
             (2, 99),
             (7, 64),
            (25, 62),
            (22, 60),
            (18, 54),
             (4, 50),
            (13, 40),
            (18, 40),
            (24, 42),
            (25, 38),
            (44, 35),
            (41, 26),
            (45, 21),
            (58, 35),
            (62, 32),
            (82,  7),
            (91, 38),
            (83, 46),
            (71, 44),
            (64, 60),
            (68, 58),
            (83, 69),
            (87, 76),
            (74, 78),
            (71, 71),
            (58, 69)]

def get_eil51_coordinates():
    return [(37, 52),
            (49, 49),
            (52, 64),
            (20, 26),
            (40, 30),
            (21, 47),
            (17, 63),
            (31, 62),
            (52, 33),
            (51, 21),
            (42, 41),
            (31, 32),
            (5 ,25),
            (12, 42),
            (36, 16),
            (52, 41),
            (27, 23),
            (17, 33),
            (13, 13),
            (57, 58),
            (62, 42),
            (42, 57),
            (16, 57),
            (8, 52),
            (7, 38),
            (27, 68),
            (30, 48),
            (43, 67),
            (58, 48),
            (58, 27),
            (37, 69),
            (38, 46),
            (46, 10),
            (61, 33),
            (62, 63),
            (63, 69),
            (32, 22),
            (45, 35),
            (59, 15),
            (5 ,6),
            (10, 17),
            (21, 10),
            (5 ,64),
            (30, 15),
            (39, 10),
            (32, 39),
            (25, 32),
            (25, 55),
            (48, 28),
            (56, 37),
            (30, 40),
            ]

def euclidean_distance(v1, v2):
    return np.sqrt(((v1[0] - v2[0]) ** 2) + ((v1[1] - v2[1]) ** 2))

#expects a list of tuple representing 2 dimensional coordinates. Returns a distance matrix as a list of lists
def create_distances(coord_list):
    distance_matrix = []
    for coord1 in coord_list:  # for each coord in list
        distance_row = []
        for coord2 in coord_list: # find each coord again (including coord1)
            distance_row.append(euclidean_distance(coord1,coord2)) # für jede Coordinate: Hänge für jede andere Koordinate die Distanz an eine Liste an. Die Fertige Liste an übergeordnete liste!
        distance_matrix.append(distance_row)
    return distance_matrix

#def get_oliver30_matrix():
   # return create_distances(get_oliver30_coordinates())

def get_eil51_matrix():
    return create_distances(get_eil51_coordinates())

if __name__ == '__main__':
     pass
    #print(get_oliver30_coordinates())
    #print(euclidean_distance((58, 69),(71, 71)))
    #print(create_distances(get_oliver30_coordinates()))
    #print(len(create_distances(get_oliver30_coordinates())))

    #print(get_oliver30_matrix())
